# Lambda (Å), Efficiency
1.000000000000000021e-02,3.124072351747374590e-02
2.000000000000000042e-02,6.193811051920729976e-02
2.999999999999999889e-02,9.240548830504632938e-02
4.000000000000000083e-02,1.210406521840828170e-01
5.000000000000000278e-02,1.495777410890901382e-01
6.000000000000000472e-02,1.758017337812235459e-01
6.999999999999999278e-02,2.042671390151500344e-01
8.000000000000000167e-02,2.293562859215630134e-01
8.999999999999999667e-02,2.529355652839312407e-01
9.999999999999999167e-02,2.783411519207225071e-01
1.100000000000000006e-01,3.007433696347637242e-01
1.199999999999999956e-01,3.212302011413308844e-01
1.300000000000000044e-01,3.447670188473790365e-01
1.400000000000000133e-01,3.635782414843859445e-01
1.500000000000000222e-01,3.834499216767204843e-01
1.600000000000000033e-01,4.042723610104491105e-01
1.700000000000000122e-01,4.217765671480142031e-01
1.800000000000000211e-01,4.391417433955024374e-01
1.900000000000000022e-01,4.581974775296627223e-01
2.000000000000000111e-01,4.759288673622369958e-01
2.100000000000000200e-01,4.912087896686688215e-01
2.200000000000000011e-01,5.056160713611470570e-01
2.300000000000000100e-01,5.207608024602226049e-01
2.400000000000000189e-01,5.361017582854333829e-01
2.500000000000000000e-01,5.505713410968231525e-01
2.600000000000000089e-01,5.638457315954363835e-01
2.700000000000000178e-01,5.765656492144864975e-01
2.800000000000000266e-01,5.890874151540006487e-01
2.900000000000000355e-01,6.017401346731331424e-01
2.999999999999999889e-01,6.140493492770062733e-01
3.099999999999999978e-01,6.256451636777721204e-01
3.200000000000000067e-01,6.365636029648699123e-01
3.300000000000000155e-01,6.469264912674558277e-01
3.400000000000000244e-01,6.570361107541881074e-01
3.500000000000000333e-01,6.668442738439425144e-01
3.600000000000000422e-01,6.763175856329872726e-01
3.699999999999999956e-01,6.856718119099083353e-01
3.800000000000000044e-01,6.946379759458147785e-01
3.900000000000000133e-01,7.033503859470825459e-01
4.000000000000000222e-01,7.117428913560855941e-01
4.100000000000000311e-01,7.197864981312706023e-01
4.200000000000000400e-01,7.276064276444622614e-01
4.299999999999999933e-01,7.351324731595886286e-01
4.400000000000000022e-01,7.424291818485001526e-01
4.500000000000000111e-01,7.495568232772191752e-01
4.600000000000000200e-01,7.563875007177596199e-01
4.700000000000000289e-01,7.629962797628586646e-01
4.800000000000000377e-01,7.695163656807408881e-01
4.899999999999999911e-01,7.755654173555253106e-01
5.000000000000000000e-01,7.815810384296736357e-01
5.100000000000000089e-01,7.873625224921551036e-01
5.200000000000000178e-01,7.929659858297953834e-01
5.300000000000000266e-01,7.983514712715878980e-01
5.400000000000000355e-01,8.035475805095170232e-01
5.500000000000000444e-01,8.085992657870807454e-01
5.600000000000000533e-01,8.133124923506370729e-01
5.700000000000000622e-01,8.179982774453082861e-01
5.800000000000000711e-01,8.226426711787938606e-01
5.899999999999999689e-01,8.269483440447555900e-01
5.999999999999999778e-01,8.310372889673710572e-01
6.099999999999999867e-01,8.351599411275892892e-01
6.199999999999999956e-01,8.389920405486394062e-01
6.300000000000000044e-01,8.428531935115457507e-01
6.400000000000000133e-01,8.464845319421666625e-01
6.500000000000000222e-01,8.499114546323700559e-01
6.600000000000000311e-01,8.533046536985375852e-01
6.700000000000000400e-01,8.565475035236299606e-01
6.800000000000000488e-01,8.597206975544847696e-01
6.900000000000000577e-01,8.626853790804419608e-01
7.000000000000000666e-01,8.656819933063463202e-01
7.100000000000000755e-01,8.685050221826624561e-01
7.199999999999999734e-01,8.712651202606634948e-01
7.299999999999999822e-01,8.737880003673470508e-01
7.399999999999999911e-01,8.765236829586945388e-01
7.500000000000000000e-01,8.788638126882390988e-01
7.600000000000000089e-01,8.813063306390738205e-01
7.700000000000000178e-01,8.835902169100823267e-01
7.800000000000000266e-01,8.858229716473546844e-01
7.900000000000000355e-01,8.879080237398773168e-01
8.000000000000000444e-01,8.899822385605982156e-01
8.100000000000000533e-01,8.919267194854554326e-01
8.200000000000000622e-01,8.938350851157668142e-01
8.300000000000000711e-01,8.956948451564231695e-01
8.400000000000000799e-01,8.974796897192451883e-01
8.499999999999999778e-01,8.991472771685716792e-01
8.599999999999999867e-01,9.008450104674554648e-01
8.699999999999999956e-01,9.024396702594472686e-01
8.800000000000000044e-01,9.040466593627687342e-01
8.900000000000000133e-01,9.055236893971357892e-01
9.000000000000000222e-01,9.069235451791306524e-01
9.100000000000000311e-01,9.083420508524818748e-01
9.200000000000000400e-01,9.097459564636064533e-01
9.300000000000000488e-01,9.109900377844475372e-01
9.400000000000000577e-01,9.122116603468373164e-01
9.500000000000000666e-01,9.134442048993689500e-01
9.600000000000000755e-01,9.146281034470455928e-01
9.699999999999999734e-01,9.156377988231909626e-01
9.799999999999999822e-01,9.167798681546689421e-01
9.899999999999999911e-01,9.178699648674515377e-01
1.000000000000000000e+00,9.187901043549163704e-01
1.010000000000000009e+00,9.198367417024887471e-01
1.020000000000000018e+00,9.206797967488316026e-01
1.030000000000000027e+00,9.214826979193654344e-01
1.040000000000000036e+00,9.223546952172361202e-01
1.050000000000000044e+00,9.232101779178740752e-01
1.060000000000000053e+00,9.239777997367685236e-01
1.070000000000000062e+00,9.246681007957744391e-01
1.080000000000000071e+00,9.254683439227621156e-01
1.090000000000000080e+00,9.261841391425857939e-01
1.100000000000000089e+00,9.270366231503763821e-01
1.110000000000000098e+00,9.276113784191970524e-01
1.120000000000000107e+00,9.282650219188597340e-01
1.130000000000000115e+00,9.288157620506756196e-01
1.140000000000000124e+00,9.292969901074867867e-01
1.150000000000000133e+00,9.299334307389205412e-01
1.160000000000000142e+00,9.304411510230190530e-01
1.169999999999999929e+00,9.310335132093203736e-01
1.179999999999999938e+00,9.316054599744181264e-01
1.189999999999999947e+00,9.321114328797448501e-01
1.199999999999999956e+00,9.323817431339691542e-01
1.209999999999999964e+00,9.330447364855147807e-01
1.219999999999999973e+00,9.332332802841346586e-01
1.229999999999999982e+00,9.337514892455720528e-01
1.239999999999999991e+00,9.341569089817198801e-01
1.250000000000000000e+00,9.345803935388197203e-01
1.260000000000000009e+00,9.349063716567300730e-01
1.270000000000000018e+00,9.352225731161988298e-01
1.280000000000000027e+00,9.356068201521787753e-01
1.290000000000000036e+00,9.359396973275693199e-01
1.300000000000000044e+00,9.361846014791862514e-01
1.310000000000000053e+00,9.366886083681060793e-01
1.320000000000000062e+00,9.368230608840321105e-01
1.330000000000000071e+00,9.370779677805074481e-01
1.340000000000000080e+00,9.372450588486338496e-01
1.350000000000000089e+00,9.375044485857061405e-01
1.360000000000000098e+00,9.377484447259312184e-01
1.370000000000000107e+00,9.380544425042717238e-01
1.380000000000000115e+00,9.382640905333249348e-01
1.390000000000000124e+00,9.384370649008999532e-01
1.400000000000000133e+00,9.386578679404341541e-01
1.410000000000000142e+00,9.388225547987560926e-01
1.419999999999999929e+00,9.389808366223445502e-01
1.429999999999999938e+00,9.392654944921313698e-01
1.439999999999999947e+00,9.394358640933918592e-01
1.449999999999999956e+00,9.394939915829917387e-01
1.459999999999999964e+00,9.396739144461779825e-01
1.469999999999999973e+00,9.398231614521601607e-01
1.479999999999999982e+00,9.400569915584331415e-01
1.489999999999999991e+00,9.401447554779599480e-01
1.500000000000000000e+00,9.402929233130401521e-01
1.510000000000000009e+00,9.404676172226135167e-01
1.520000000000000018e+00,9.404240744349489090e-01
1.530000000000000027e+00,9.405575730013157054e-01
1.540000000000000036e+00,9.407043514724893196e-01
1.550000000000000044e+00,9.408117779238402978e-01
1.560000000000000053e+00,9.408530674200349386e-01
1.570000000000000062e+00,9.409925759850912286e-01
1.580000000000000071e+00,9.410209258932760168e-01
1.590000000000000080e+00,9.410027901907601633e-01
1.600000000000000089e+00,9.410509815676268985e-01
1.610000000000000098e+00,9.412812067002575001e-01
1.620000000000000107e+00,9.412975954802783596e-01
1.630000000000000115e+00,9.413458220171516677e-01
1.640000000000000124e+00,9.412156970290186386e-01
1.650000000000000133e+00,9.412363353587573922e-01
1.660000000000000142e+00,9.413262314820777243e-01
1.670000000000000151e+00,9.415140019009540229e-01
1.679999999999999938e+00,9.415964380398298417e-01
1.689999999999999947e+00,9.415382830363278055e-01
1.699999999999999956e+00,9.415348479942121651e-01
1.709999999999999964e+00,9.415917961985422746e-01
1.719999999999999973e+00,9.415849962874850432e-01
1.729999999999999982e+00,9.416444480906477343e-01
1.739999999999999991e+00,9.415256077397726742e-01
1.750000000000000000e+00,9.415665004299477170e-01
1.760000000000000009e+00,9.416651341454200796e-01
1.770000000000000018e+00,9.417634981959327467e-01
1.780000000000000027e+00,9.416544866191084440e-01
1.790000000000000036e+00,9.417178035326990715e-01
1.800000000000000044e+00,9.417099625508567051e-01
1.810000000000000053e+00,9.416094676885713444e-01
1.820000000000000062e+00,9.416125575324383323e-01
1.830000000000000071e+00,9.417176003689555763e-01
1.840000000000000080e+00,9.417861766725550421e-01
1.850000000000000089e+00,9.416122114673693977e-01
1.860000000000000098e+00,9.414614278665546232e-01
1.870000000000000107e+00,9.414621906184850175e-01
1.880000000000000115e+00,9.414440589562816930e-01
1.890000000000000124e+00,9.414291851759283292e-01
1.900000000000000133e+00,9.413235516545270798e-01
1.910000000000000142e+00,9.413595523576674395e-01
1.920000000000000151e+00,9.412074352131867272e-01
1.929999999999999938e+00,9.412837747646116693e-01
1.939999999999999947e+00,9.414447336620852536e-01
1.949999999999999956e+00,9.413710585340864245e-01
1.959999999999999964e+00,9.412518810608814235e-01
1.969999999999999973e+00,9.413421034254105813e-01
1.979999999999999982e+00,9.412597610504503942e-01
1.989999999999999991e+00,9.409924983707647073e-01
2.000000000000000000e+00,9.411664817953330209e-01
2.009999999999999787e+00,9.410417506310566615e-01
2.020000000000000018e+00,9.410826965423279011e-01
2.029999999999999805e+00,9.410858723071293674e-01
2.040000000000000036e+00,9.410091996512137680e-01
2.049999999999999822e+00,9.410208311319763208e-01
2.059999999999999609e+00,9.409932883983267438e-01
2.069999999999999840e+00,9.410206460297453335e-01
2.079999999999999627e+00,9.409446847294391514e-01
2.089999999999999858e+00,9.410327097810632369e-01
2.099999999999999645e+00,9.409834703897470565e-01
2.109999999999999876e+00,9.406547025051391619e-01
2.119999999999999662e+00,9.407561120089349416e-01
2.129999999999999893e+00,9.405577356650662857e-01
2.139999999999999680e+00,9.405015788994771642e-01
2.149999999999999911e+00,9.405097967062739928e-01
2.159999999999999698e+00,9.405119509536064015e-01
2.169999999999999929e+00,9.404631818721382874e-01
2.179999999999999716e+00,9.403959455931435452e-01
2.189999999999999947e+00,9.402358254283227357e-01
2.199999999999999734e+00,9.401928542429888180e-01
2.209999999999999964e+00,9.401715629800778684e-01
2.219999999999999751e+00,9.398452065313438464e-01
2.229999999999999982e+00,9.400133242426643720e-01
2.239999999999999769e+00,9.400692220614379480e-01
2.250000000000000000e+00,9.400588894512470484e-01
2.259999999999999787e+00,9.400211926397706863e-01
2.270000000000000018e+00,9.399382307974364359e-01
2.279999999999999805e+00,9.399948179627212186e-01
2.290000000000000036e+00,9.399028186291267239e-01
2.299999999999999822e+00,9.396875820321964889e-01
2.310000000000000053e+00,9.397236866651210718e-01
2.319999999999999840e+00,9.396815616456858367e-01
2.329999999999999627e+00,9.396255284905695726e-01
2.339999999999999858e+00,9.395633066797434152e-01
2.349999999999999645e+00,9.394750918961750630e-01
2.359999999999999876e+00,9.392603167619099080e-01
2.369999999999999662e+00,9.392040567138877361e-01
2.379999999999999893e+00,9.393353977842818781e-01
2.389999999999999680e+00,9.393088781073839488e-01
2.399999999999999911e+00,9.390920661790502777e-01
2.409999999999999698e+00,9.389534568047482876e-01
2.419999999999999929e+00,9.390863089421861432e-01
2.429999999999999716e+00,9.389893407617124765e-01
2.439999999999999947e+00,9.388716940519303833e-01
2.449999999999999734e+00,9.387572867167489621e-01
2.459999999999999964e+00,9.387047647588453447e-01
2.469999999999999751e+00,9.387406638541565540e-01
2.479999999999999982e+00,9.387278993332206500e-01
2.489999999999999769e+00,9.385513168592871658e-01
2.500000000000000000e+00,9.385097382711710123e-01
2.509999999999999787e+00,9.384355232673547986e-01
2.520000000000000018e+00,9.383045977055534115e-01
2.529999999999999805e+00,9.383260962041064523e-01
2.540000000000000036e+00,9.382900307158011932e-01
2.549999999999999822e+00,9.382120818671358942e-01
2.560000000000000053e+00,9.381738569492895641e-01
2.569999999999999840e+00,9.381173618301734685e-01
2.579999999999999627e+00,9.380204274841550394e-01
2.589999999999999858e+00,9.377406195729676153e-01
2.599999999999999645e+00,9.376585573668578810e-01
2.609999999999999876e+00,9.376620527101335867e-01
2.619999999999999662e+00,9.375549986648459289e-01
2.629999999999999893e+00,9.375351748003784014e-01
2.639999999999999680e+00,9.375656492968363898e-01
2.649999999999999911e+00,9.376170639116280237e-01
2.659999999999999698e+00,9.375268855191845052e-01
2.669999999999999929e+00,9.373583875476795280e-01
2.679999999999999716e+00,9.373258420764680743e-01
2.689999999999999947e+00,9.372995213499188960e-01
2.699999999999999734e+00,9.372785404365134854e-01
2.709999999999999964e+00,9.370574901230938059e-01
2.719999999999999751e+00,9.368797810590231423e-01
2.729999999999999982e+00,9.367628325898915698e-01
2.739999999999999769e+00,9.370302961009538967e-01
2.750000000000000000e+00,9.371410793186784050e-01
2.759999999999999787e+00,9.367009588710696333e-01
2.770000000000000018e+00,9.364502641569194541e-01
2.779999999999999805e+00,9.363224788555871703e-01
2.790000000000000036e+00,9.365513296572243185e-01
2.799999999999999822e+00,9.365710060029357464e-01
2.810000000000000053e+00,9.363816448239811185e-01
2.819999999999999840e+00,9.364841601414698458e-01
2.829999999999999627e+00,9.364880755104065813e-01
2.839999999999999858e+00,9.361066714640209341e-01
2.849999999999999645e+00,9.360441699663084592e-01
2.859999999999999876e+00,9.361683075207979376e-01
2.869999999999999662e+00,9.361783079879857361e-01
2.879999999999999893e+00,9.361195083362138236e-01
2.889999999999999680e+00,9.359286568627944725e-01
2.899999999999999911e+00,9.357031161484425930e-01
2.909999999999999698e+00,9.354625316255051892e-01
2.919999999999999929e+00,9.353056605889158437e-01
2.929999999999999716e+00,9.352575754803473806e-01
2.939999999999999947e+00,9.354329783439910839e-01
2.949999999999999734e+00,9.354751876890660123e-01
2.959999999999999964e+00,9.354414295743539443e-01
2.969999999999999751e+00,9.352503539346715966e-01
2.979999999999999982e+00,9.351216268969807510e-01
2.989999999999999769e+00,9.352385328592524028e-01
3.000000000000000000e+00,9.352807212252558511e-01
3.009999999999999787e+00,9.352510947129332175e-01
3.020000000000000018e+00,9.350604683328413991e-01
3.029999999999999805e+00,9.348317714446972015e-01
3.040000000000000036e+00,9.347559326787943101e-01
3.049999999999999822e+00,9.346859771197726374e-01
3.060000000000000053e+00,9.346292986200690489e-01
3.069999999999999840e+00,9.344491200927501628e-01
3.080000000000000071e+00,9.341613390975570530e-01
3.089999999999999858e+00,9.341600966301925046e-01
3.099999999999999645e+00,9.342475919984112309e-01
3.109999999999999876e+00,9.341493006070019645e-01
3.119999999999999662e+00,9.340850014022989978e-01
3.129999999999999893e+00,9.341747851368282785e-01
3.139999999999999680e+00,9.342314331477310496e-01
3.149999999999999911e+00,9.342376181479136177e-01
3.159999999999999698e+00,9.341398247603613925e-01
3.169999999999999929e+00,9.339683947598984570e-01
3.179999999999999716e+00,9.338606540074723128e-01
3.189999999999999947e+00,9.337734147577140265e-01
3.199999999999999734e+00,9.336931962479079194e-01
3.209999999999999964e+00,9.336090203028111212e-01
3.219999999999999751e+00,9.334713808857785233e-01
3.229999999999999982e+00,9.333629885365981593e-01
3.239999999999999769e+00,9.333467294722113117e-01
3.250000000000000000e+00,9.333423782206271557e-01
3.259999999999999787e+00,9.333579521592383355e-01
3.270000000000000018e+00,9.332340386175157487e-01
3.279999999999999805e+00,9.329706653779026304e-01
3.290000000000000036e+00,9.329086781091856517e-01
3.299999999999999822e+00,9.329730134036543499e-01
3.310000000000000053e+00,9.327911110772596492e-01
3.319999999999999840e+00,9.325138148741403121e-01
3.330000000000000071e+00,9.325429411562566884e-01
3.339999999999999858e+00,9.326432098817193372e-01
3.349999999999999645e+00,9.326839113633313971e-01
3.359999999999999876e+00,9.327171163344414317e-01
3.369999999999999662e+00,9.325284621268683516e-01
3.379999999999999893e+00,9.323343070151663969e-01
3.389999999999999680e+00,9.322025635163713186e-01
3.399999999999999911e+00,9.320866231389017820e-01
3.409999999999999698e+00,9.321613983957334204e-01
3.419999999999999929e+00,9.322224423558356232e-01
3.429999999999999716e+00,9.321764322388623736e-01
3.439999999999999947e+00,9.321227325078946802e-01
3.449999999999999734e+00,9.320179789298600470e-01
3.459999999999999964e+00,9.318974466174029248e-01
3.469999999999999751e+00,9.316838007723489135e-01
3.479999999999999982e+00,9.314833162246196618e-01
3.489999999999999769e+00,9.313465845702070256e-01
3.500000000000000000e+00,9.312575503293206713e-01
3.509999999999999787e+00,9.314419055712153117e-01
3.520000000000000018e+00,9.315857408768453141e-01
3.529999999999999805e+00,9.314578798835717599e-01
3.540000000000000036e+00,9.313385774755714719e-01
3.549999999999999822e+00,9.312918523807266480e-01
3.560000000000000053e+00,9.312370855430590622e-01
3.569999999999999840e+00,9.310265081493411810e-01
3.580000000000000071e+00,9.308177353487907535e-01
3.589999999999999858e+00,9.308453327681204259e-01
3.599999999999999645e+00,9.308736200724249121e-01
3.609999999999999876e+00,9.307651747155496480e-01
3.619999999999999662e+00,9.306472935500569310e-01
3.629999999999999893e+00,9.306530012115110662e-01
3.639999999999999680e+00,9.306801097406581791e-01
3.649999999999999911e+00,9.305524094036734528e-01
3.659999999999999698e+00,9.303771267980777138e-01
3.669999999999999929e+00,9.302900966326858034e-01
3.679999999999999716e+00,9.302488902599415077e-01
3.689999999999999947e+00,9.301614404433645733e-01
3.699999999999999734e+00,9.300355348559292690e-01
3.709999999999999964e+00,9.299164857036462672e-01
3.719999999999999751e+00,9.298065854881799597e-01
3.729999999999999982e+00,9.297239254986376933e-01
3.739999999999999769e+00,9.297108989435876047e-01
3.750000000000000000e+00,9.296913584133484898e-01
3.759999999999999787e+00,9.296253651599625245e-01
3.770000000000000018e+00,9.295598986353522664e-01
3.779999999999999805e+00,9.296185253832598416e-01
3.790000000000000036e+00,9.296818626452360013e-01
3.799999999999999822e+00,9.295293101597055241e-01
3.810000000000000053e+00,9.293185379445368932e-01
3.819999999999999840e+00,9.292673756166978105e-01
3.830000000000000071e+00,9.293242447434952869e-01
3.839999999999999858e+00,9.292957394022732798e-01
3.849999999999999645e+00,9.291361835872703479e-01
3.859999999999999876e+00,9.290196504360790364e-01
3.869999999999999662e+00,9.290970834577008119e-01
3.879999999999999893e+00,9.291739232114233360e-01
3.889999999999999680e+00,9.289603024016783728e-01
3.899999999999999911e+00,9.287331441323698478e-01
3.909999999999999698e+00,9.285756876750411726e-01
3.919999999999999929e+00,9.284471335402435521e-01
3.929999999999999716e+00,9.283420734946714603e-01
3.939999999999999947e+00,9.282645049106577062e-01
3.949999999999999734e+00,9.282062445853830335e-01
3.959999999999999964e+00,9.282277501701201583e-01
3.969999999999999751e+00,9.282490924736340743e-01
3.979999999999999982e+00,9.280226301701357539e-01
3.989999999999999769e+00,9.277738429308715062e-01
4.000000000000000000e+00,9.277461703098240919e-01
4.009999999999999787e+00,9.278533444558060284e-01
4.019999999999999574e+00,9.278727094125681640e-01
4.030000000000000249e+00,9.277016396253084940e-01
4.040000000000000036e+00,9.275318687302862575e-01
4.049999999999999822e+00,9.273901528933700122e-01
4.059999999999999609e+00,9.272496641234441173e-01
4.070000000000000284e+00,9.272315562276517431e-01
4.080000000000000071e+00,9.272753985459577519e-01
4.089999999999999858e+00,9.272599561077055075e-01
4.099999999999999645e+00,9.271173814135028612e-01
4.109999999999999432e+00,9.269758670252824517e-01
4.120000000000000107e+00,9.268513249993083347e-01
4.129999999999999893e+00,9.267284240781465954e-01
4.139999999999999680e+00,9.266459307153911418e-01
4.149999999999999467e+00,9.265921328988637740e-01
4.160000000000000142e+00,9.265741956772931553e-01
4.169999999999999929e+00,9.267006240856703325e-01
4.179999999999999716e+00,9.268261626252118912e-01
4.189999999999999503e+00,9.267610623866562314e-01
4.200000000000000178e+00,9.266480909857406356e-01
4.209999999999999964e+00,9.264737118008403716e-01
4.219999999999999751e+00,9.262003409816695898e-01
4.229999999999999538e+00,9.259289860157222662e-01
4.240000000000000213e+00,9.259795799645111902e-01
4.250000000000000000e+00,9.260452682484594522e-01
4.259999999999999787e+00,9.259818998568709603e-01
4.269999999999999574e+00,9.257966304788518563e-01
4.280000000000000249e+00,9.256272674109028431e-01
4.290000000000000036e+00,9.257079061588946445e-01
4.299999999999999822e+00,9.257879895609824050e-01
4.309999999999999609e+00,9.257043837224050442e-01
4.320000000000000284e+00,9.255058718542048535e-01
4.330000000000000071e+00,9.253413608696463566e-01
4.339999999999999858e+00,9.254709780725050017e-01
4.349999999999999645e+00,9.255997200288882398e-01
4.360000000000000320e+00,9.255046668728020842e-01
4.370000000000000107e+00,9.252625943402260633e-01
4.379999999999999893e+00,9.250394625991407160e-01
4.389999999999999680e+00,9.249979240813084314e-01
4.399999999999999467e+00,9.249566699881321963e-01
4.410000000000000142e+00,9.248667363981460943e-01
4.419999999999999929e+00,9.247389212342390641e-01
4.429999999999999716e+00,9.246143184184012487e-01
4.439999999999999503e+00,9.246312578201154597e-01
4.450000000000000178e+00,9.246480832326990917e-01
4.459999999999999964e+00,9.245605893157728961e-01
4.469999999999999751e+00,9.243512403574349889e-01
4.479999999999999538e+00,9.241433384270761886e-01
4.490000000000000213e+00,9.240947257050463604e-01
4.500000000000000000e+00,9.240665369081072500e-01
4.509999999999999787e+00,9.240455963938721817e-01
4.519999999999999574e+00,9.240412342889046116e-01
4.530000000000000249e+00,9.240369008704704124e-01
4.540000000000000036e+00,9.239261199487037723e-01
4.549999999999999822e+00,9.237701358596044354e-01
4.559999999999999609e+00,9.236223489959798361e-01
4.570000000000000284e+00,9.235564871165951040e-01
4.580000000000000071e+00,9.234910606637533048e-01
4.589999999999999858e+00,9.234338900743348511e-01
4.599999999999999645e+00,9.233866717316898676e-01
4.610000000000000320e+00,9.233397625844542711e-01
4.620000000000000107e+00,9.233511679287192964e-01
4.629999999999999893e+00,9.233768121204591894e-01
4.639999999999999680e+00,9.233843941542381195e-01
4.649999999999999467e+00,9.232814873291824709e-01
4.660000000000000142e+00,9.231792535301718283e-01
4.669999999999999929e+00,9.230471835500670963e-01
4.679999999999999716e+00,9.228804570643487359e-01
4.689999999999999503e+00,9.227148256585564479e-01
4.700000000000000178e+00,9.226430475331853787e-01
4.709999999999999964e+00,9.225996965107293724e-01
4.719999999999999751e+00,9.225583664318386390e-01
4.729999999999999538e+00,9.225450750786008403e-01
4.740000000000000213e+00,9.225318678604493838e-01
4.750000000000000000e+00,9.225041714866599740e-01
4.759999999999999787e+00,9.224477309138576775e-01
4.769999999999999574e+00,9.223916482632522618e-01
4.780000000000000249e+00,9.222458607325427771e-01
4.790000000000000036e+00,9.220396786011814116e-01
4.799999999999999822e+00,9.218348293672227189e-01
4.809999999999999609e+00,9.217638708080602150e-01
4.820000000000000284e+00,9.217189108408393450e-01
4.830000000000000071e+00,9.216722589146373323e-01
4.839999999999999858e+00,9.215980539802053340e-01
4.849999999999999645e+00,9.215243134387729462e-01
4.860000000000000320e+00,9.214177689366238599e-01
4.870000000000000107e+00,9.212257675028375781e-01
4.879999999999999893e+00,9.210349847724139671e-01
4.889999999999999680e+00,9.209446428177940902e-01
4.899999999999999467e+00,9.209647060492476278e-01
4.910000000000000142e+00,9.209846472050341459e-01
4.919999999999999929e+00,9.208736367049291660e-01
4.929999999999999716e+00,9.206941933869606798e-01
4.939999999999999503e+00,9.205158733092480006e-01
4.950000000000000178e+00,9.205229405531345499e-01
4.959999999999999964e+00,9.205711220108434567e-01
4.969999999999999751e+00,9.206190153909594720e-01
4.979999999999999538e+00,9.205703047959127305e-01
4.990000000000000213e+00,9.205183083965724489e-01
5.000000000000000000e+00,9.204602712557669042e-01
5.009999999999999787e+00,9.203419670396759678e-01
5.019999999999999574e+00,9.202243841534785140e-01
5.030000000000000249e+00,9.201401474621746512e-01
5.040000000000000036e+00,9.201798153793897539e-01
5.049999999999999822e+00,9.202192495443093367e-01
5.059999999999999609e+00,9.202308910511669549e-01
5.070000000000000284e+00,9.201801427418396795e-01
5.080000000000000071e+00,9.201296965779917070e-01
5.089999999999999858e+00,9.200381965715916932e-01
5.099999999999999645e+00,9.198818305907177084e-01
5.110000000000000320e+00,9.197264080312455015e-01
5.120000000000000107e+00,9.196424308438301276e-01
5.129999999999999893e+00,9.196447615063764180e-01
5.139999999999999680e+00,9.196470785615864507e-01
5.149999999999999467e+00,9.195894876504385751e-01
5.160000000000000142e+00,9.194718317930592466e-01
5.169999999999999929e+00,9.193548729034953793e-01
5.179999999999999716e+00,9.191960287548347486e-01
5.189999999999999503e+00,9.190000137352001275e-01
5.200000000000000178e+00,9.188051699065886702e-01
5.209999999999999964e+00,9.186936787149840855e-01
5.219999999999999751e+00,9.186528023890774275e-01
5.229999999999999538e+00,9.186121620995865156e-01
5.240000000000000213e+00,9.186261700364611871e-01
5.250000000000000000e+00,9.186872963369665523e-01
5.259999999999999787e+00,9.187480783563033437e-01
5.269999999999999574e+00,9.186857193025952384e-01
5.280000000000000249e+00,9.185074109382443952e-01
5.290000000000000036e+00,9.183301471250601145e-01
5.299999999999999822e+00,9.181925172048486239e-01
5.309999999999999609e+00,9.180984987746034776e-01
5.320000000000000284e+00,9.180050195590445661e-01
5.330000000000000071e+00,9.179701531492500122e-01
5.339999999999999858e+00,9.180166626388042150e-01
5.349999999999999645e+00,9.180629138974277792e-01
5.360000000000000320e+00,9.180634090331477593e-01
5.370000000000000107e+00,9.179765115502022121e-01
5.379999999999999893e+00,9.178901063239033320e-01
5.389999999999999680e+00,9.177983761601329338e-01
5.399999999999999467e+00,9.176897140740943870e-01
5.410000000000000142e+00,9.175816667445040320e-01
5.419999999999999929e+00,9.174641812073002223e-01
5.429999999999999716e+00,9.172853576647038709e-01
5.439999999999999503e+00,9.171075539380256769e-01
5.450000000000000178e+00,9.169327392003748800e-01
5.459999999999999964e+00,9.169375545067586231e-01
5.469999999999999751e+00,9.169423434467480760e-01
5.479999999999999538e+00,9.169471062126431926e-01
5.490000000000000213e+00,9.168848655070617193e-01
5.500000000000000000e+00,9.168125142118498383e-01
5.509999999999999787e+00,9.167405621428190710e-01
5.519999999999999574e+00,9.166603594590343462e-01
5.530000000000000249e+00,9.165769072158321817e-01
5.540000000000000036e+00,9.164939140031007625e-01
5.549999999999999822e+00,9.163850913814765020e-01
5.559999999999999609e+00,9.162524354965495554e-01
5.570000000000000284e+00,9.161205125003598626e-01
5.580000000000000071e+00,9.159909928131518830e-01
5.589999999999999858e+00,9.158657948272445060e-01
5.599999999999999645e+00,9.157412839191784171e-01
5.610000000000000320e+00,9.156312008932572244e-01
5.620000000000000107e+00,9.156494132626764593e-01
5.629999999999999893e+00,9.156675290270941403e-01
5.639999999999999680e+00,9.156855488680548660e-01
5.649999999999999467e+00,9.157197987780739679e-01
5.660000000000000142e+00,9.157565453357959795e-01
5.669999999999999929e+00,9.157930990982851016e-01
5.679999999999999716e+00,9.157207118382405531e-01
5.689999999999999503e+00,9.155770147644258783e-01
5.700000000000000178e+00,9.154340956995596912e-01
5.709999999999999964e+00,9.152769154744772040e-01
5.719999999999999751e+00,9.150896438889430939e-01
5.729999999999999538e+00,9.149033899472628351e-01
5.740000000000000213e+00,9.147246788911584936e-01
5.750000000000000000e+00,9.147450643122432279e-01
5.759999999999999787e+00,9.147653440994976126e-01
5.769999999999999574e+00,9.147855189808177245e-01
5.780000000000000249e+00,9.147345822363412982e-01
5.790000000000000036e+00,9.146561372230948006e-01
5.799999999999999822e+00,9.145781042839155051e-01
5.809999999999999609e+00,9.144893542446753676e-01
5.820000000000000284e+00,9.143833891495508626e-01
5.830000000000000071e+00,9.142779810453547373e-01
5.839999999999999858e+00,9.141742203178019333e-01
5.849999999999999645e+00,9.141023217393633438e-01
5.860000000000000320e+00,9.140307965389083966e-01
5.870000000000000107e+00,9.139596421262816683e-01
5.879999999999999893e+00,9.138633898434065372e-01
5.889999999999999680e+00,9.137546930293019010e-01
5.899999999999999467e+00,9.136465612727576735e-01
5.910000000000000142e+00,9.135509243365391718e-01
5.919999999999999929e+00,9.134876925838844031e-01
5.929999999999999716e+00,9.134247847950136556e-01
5.939999999999999503e+00,9.133621987535087694e-01
5.950000000000000178e+00,9.133021812742504464e-01
5.959999999999999964e+00,9.132428306385537153e-01
5.969999999999999751e+00,9.131837818247336980e-01
5.979999999999999538e+00,9.130617809374208527e-01
5.990000000000000213e+00,9.128572485285288973e-01
6.000000000000000000e+00,9.126537834097340207e-01
6.009999999999999787e+00,9.124513780964061960e-01
6.019999999999999574e+00,9.124246475564931069e-01
6.030000000000000249e+00,9.124013251034943650e-01
6.040000000000000036e+00,9.123781189853533702e-01
6.049999999999999822e+00,9.124012150297536872e-01
6.059999999999999609e+00,9.124681428288594631e-01
6.070000000000000284e+00,9.125347449935337085e-01
6.080000000000000071e+00,9.125962957099624795e-01
6.089999999999999858e+00,9.124487152887900132e-01
6.099999999999999645e+00,9.123018837713832152e-01
6.110000000000000320e+00,9.121557960619450789e-01
6.120000000000000107e+00,9.120514787384624844e-01
6.129999999999999893e+00,9.119866636970622720e-01
6.139999999999999680e+00,9.119221696559174362e-01
6.150000000000000355e+00,9.118579944915765623e-01
6.160000000000000142e+00,9.116764043932019668e-01
6.169999999999999929e+00,9.114935840776245968e-01
6.179999999999999716e+00,9.113116869216859595e-01
6.189999999999999503e+00,9.111902246146017514e-01
6.200000000000000178e+00,9.111475880954864603e-01
6.209999999999999964e+00,9.111051593644404756e-01
6.219999999999999751e+00,9.110629370703376972e-01
6.229999999999999538e+00,9.110818043053567905e-01
6.240000000000000213e+00,9.111104317815669207e-01
6.250000000000000000e+00,9.111389228485531344e-01
6.259999999999999787e+00,9.111291154482134003e-01
6.269999999999999574e+00,9.110158046985951108e-01
6.280000000000000249e+00,9.109030488041185425e-01
6.290000000000000036e+00,9.107908441265221144e-01
6.299999999999999822e+00,9.106492606675216095e-01
6.309999999999999609e+00,9.104927479858686556e-01
6.320000000000000284e+00,9.103370043690079960e-01
6.330000000000000071e+00,9.101855441079713671e-01
6.339999999999999858e+00,9.101827519128724564e-01
6.349999999999999645e+00,9.101799729069921518e-01
6.360000000000000320e+00,9.101772070073929077e-01
6.370000000000000107e+00,9.101140125708795381e-01
6.379999999999999893e+00,9.099480077197996675e-01
6.389999999999999680e+00,9.097828116956039324e-01
6.400000000000000355e+00,9.096184192074759922e-01
6.410000000000000142e+00,9.094429437116788861e-01
6.419999999999999929e+00,9.092630872861423574e-01
6.429999999999999716e+00,9.090841046782053292e-01
6.439999999999999503e+00,9.089059901843374867e-01
6.450000000000000178e+00,9.090221419543604853e-01
6.459999999999999964e+00,9.091386128903006236e-01
6.469999999999999751e+00,9.092545590148763957e-01
6.479999999999999538e+00,9.092699237272967583e-01
6.490000000000000213e+00,9.090276156183237921e-01
6.500000000000000000e+00,9.087864891305151849e-01
6.509999999999999787e+00,9.085465365011622385e-01
6.519999999999999574e+00,9.084944223007751507e-01
6.530000000000000249e+00,9.086012706397308403e-01
6.540000000000000036e+00,9.087076417056394462e-01
6.549999999999999822e+00,9.088135383173815418e-01
6.559999999999999609e+00,9.087650900557097122e-01
6.570000000000000284e+00,9.086733202311506608e-01
6.580000000000000071e+00,9.085819776973812489e-01
6.589999999999999858e+00,9.084910597922560838e-01
6.599999999999999645e+00,9.083339173174528325e-01
6.610000000000000320e+00,9.081772725625506526e-01
6.620000000000000107e+00,9.080213639768947020e-01
6.629999999999999893e+00,9.078852266684680483e-01
6.639999999999999680e+00,9.078297106300982078e-01
6.650000000000000355e+00,9.077744482239387125e-01
6.660000000000000142e+00,9.077194379023763027e-01
6.669999999999999929e+00,9.076365486639041968e-01
6.679999999999999716e+00,9.075053169149085441e-01
6.689999999999999503e+00,9.073746920592068443e-01
6.700000000000000178e+00,9.072446703333231222e-01
6.709999999999999964e+00,9.071858374898761346e-01
6.719999999999999751e+00,9.071930852638555587e-01
6.729999999999999538e+00,9.072003008112251576e-01
6.740000000000000213e+00,9.072074843226778373e-01
6.750000000000000000e+00,9.071843137503928789e-01
6.759999999999999787e+00,9.071446830563837382e-01
6.769999999999999574e+00,9.071052295687188627e-01
6.780000000000000249e+00,9.070659522299858724e-01
6.790000000000000036e+00,9.069896143058856497e-01
6.799999999999999822e+00,9.069014413952356524e-01
6.809999999999999609e+00,9.068136651428271300e-01
6.820000000000000284e+00,9.067262831608549067e-01
6.830000000000000071e+00,9.065879109369777700e-01
6.839999999999999858e+00,9.064402244678367859e-01
6.849999999999999645e+00,9.062932082334828054e-01
6.860000000000000320e+00,9.061468581511212816e-01
6.870000000000000107e+00,9.060929818356409093e-01
6.879999999999999893e+00,9.060495913133153056e-01
6.889999999999999680e+00,9.060063916467184786e-01
6.900000000000000355e+00,9.059633817152290547e-01
6.910000000000000142e+00,9.059197016346678399e-01
6.919999999999999929e+00,9.058761567138013948e-01
6.929999999999999716e+00,9.058328022428692172e-01
6.939999999999999503e+00,9.057896371099303234e-01
6.950000000000000178e+00,9.057739822544251806e-01
6.959999999999999964e+00,9.057596880815448337e-01
6.969999999999999751e+00,9.057454556130547507e-01
6.979999999999999538e+00,9.057312844939986451e-01
6.990000000000000213e+00,9.056441084480174597e-01
7.000000000000000000e+00,9.055533116707457086e-01
7.009999999999999787e+00,9.054629122363535565e-01
7.019999999999999574e+00,9.053729078172498834e-01
7.030000000000000249e+00,9.052500366149921485e-01
7.040000000000000036e+00,9.051247433027840295e-01
7.049999999999999822e+00,9.050000000093538777e-01
7.059999999999999609e+00,9.048758034965929120e-01
7.070000000000000284e+00,9.047856867935618608e-01
7.080000000000000071e+00,9.047011878900645954e-01
7.089999999999999858e+00,9.046170541183325975e-01
7.099999999999999645e+00,9.045332833669367245e-01
7.110000000000000320e+00,9.043900017469006514e-01
7.120000000000000107e+00,9.042313071990397688e-01
7.129999999999999893e+00,9.040733075774797234e-01
7.139999999999999680e+00,9.039159987937418483e-01
7.150000000000000355e+00,9.038730929615371723e-01
7.160000000000000142e+00,9.038817761269263285e-01
7.169999999999999929e+00,9.038904230693050046e-01
7.179999999999999716e+00,9.038990339897585713e-01
7.189999999999999503e+00,9.038819800321593601e-01
7.200000000000000178e+00,9.038452644690994076e-01
7.209999999999999964e+00,9.038087030517325537e-01
7.219999999999999751e+00,9.037722949163621289e-01
7.229999999999999538e+00,9.036754509778665012e-01
7.240000000000000213e+00,9.034944650570778668e-01
7.250000000000000000e+00,9.033142635559581191e-01
7.259999999999999787e+00,9.031348419010351014e-01
7.269999999999999574e+00,9.029779588820343594e-01
7.280000000000000249e+00,9.028885336955078111e-01
7.290000000000000036e+00,9.027994850644321945e-01
7.299999999999999822e+00,9.027108108659134267e-01
7.309999999999999609e+00,9.026254872760763881e-01
7.320000000000000284e+00,9.025972581463181932e-01
7.330000000000000071e+00,9.025691453506315964e-01
7.339999999999999858e+00,9.025411482494871684e-01
7.349999999999999645e+00,9.025132662077511858e-01
7.360000000000000320e+00,9.025019736298227624e-01
7.370000000000000107e+00,9.024940957819257425e-01
7.379999999999999893e+00,9.024862500044463776e-01
7.389999999999999680e+00,9.024784361234527985e-01
7.400000000000000355e+00,9.024371647863159707e-01
7.410000000000000142e+00,9.023724300291631195e-01
7.419999999999999929e+00,9.023079614427318429e-01
7.429999999999999716e+00,9.022437575637271001e-01
7.439999999999999503e+00,9.021500130177477761e-01
7.450000000000000178e+00,9.019926050405395745e-01
7.459999999999999964e+00,9.018358569509118405e-01
7.469999999999999751e+00,9.016797650307194489e-01
7.479999999999999538e+00,9.015258975440310074e-01
7.490000000000000213e+00,9.014371307733096694e-01
7.500000000000000000e+00,9.013487275222681339e-01
7.509999999999999787e+00,9.012606857974625463e-01
7.519999999999999574e+00,9.011730036191685222e-01
7.530000000000000249e+00,9.010604525842430546e-01
7.540000000000000036e+00,9.009378623421723242e-01
7.549999999999999822e+00,9.008157754731229705e-01
7.559999999999999609e+00,9.006941892038972108e-01
7.570000000000000284e+00,9.006181698714837980e-01
7.580000000000000071e+00,9.006215247712805461e-01
7.589999999999999858e+00,9.006248664317617614e-01
7.599999999999999645e+00,9.006281949224805849e-01
7.610000000000000320e+00,9.006315103125350774e-01
7.620000000000000107e+00,9.004883390949334210e-01
7.629999999999999893e+00,9.003449425381984117e-01
7.639999999999999680e+00,9.002021313929001733e-01
7.650000000000000355e+00,9.000599024484832178e-01
7.660000000000000142e+00,8.999190592890908835e-01
7.669999999999999929e+00,8.997793227128060289e-01
7.679999999999999716e+00,8.996401532017104241e-01
7.689999999999999503e+00,8.995015476648745567e-01
7.700000000000000178e+00,8.993933479466185155e-01
7.709999999999999964e+00,8.994190460853804803e-01
7.719999999999999751e+00,8.994446451557165378e-01
7.729999999999999538e+00,8.994701456652488547e-01
7.740000000000000213e+00,8.994955481183586343e-01
7.750000000000000000e+00,8.994019030484330379e-01
7.759999999999999787e+00,8.992665450566720287e-01
7.769999999999999574e+00,8.991317296030334472e-01
7.780000000000000249e+00,8.989974537670464283e-01
7.790000000000000036e+00,8.988878153013359906e-01
7.799999999999999822e+00,8.988441773223810882e-01
7.809999999999999609e+00,8.988007089662185534e-01
7.820000000000000284e+00,8.987574093522313623e-01
7.830000000000000071e+00,8.987142776055270232e-01
7.839999999999999858e+00,8.986952844720296207e-01
7.849999999999999645e+00,8.986834014471631882e-01
7.860000000000000320e+00,8.986715639047460069e-01
7.870000000000000107e+00,8.986597716127640023e-01
7.879999999999999893e+00,8.986175337453207179e-01
7.889999999999999680e+00,8.984847050534852109e-01
7.900000000000000355e+00,8.983523999807870863e-01
7.910000000000000142e+00,8.982206157550501890e-01
7.919999999999999929e+00,8.980893496225651473e-01
7.929999999999999716e+00,8.979475471288345112e-01
7.940000000000000391e+00,8.978016512908747471e-01
7.950000000000000178e+00,8.976563292317232268e-01
7.959999999999999964e+00,8.975115779183817644e-01
7.969999999999999751e+00,8.973795259805094071e-01
7.979999999999999538e+00,8.973294499972555016e-01
7.990000000000000213e+00,8.972795646954054849e-01
8.000000000000000000e+00,8.972298691046692865e-01
8.009999999999999787e+00,8.971803622609413331e-01
8.019999999999999574e+00,8.971239725677042642e-01
8.029999999999999361e+00,8.970615141211343291e-01
8.039999999999999147e+00,8.969992929083513422e-01
8.050000000000000711e+00,8.969373077241925563e-01
8.060000000000000497e+00,8.968755573711711948e-01
8.070000000000000284e+00,8.967223349660236043e-01
8.080000000000000071e+00,8.965597725194398571e-01
8.089999999999999858e+00,8.963978418390960989e-01
8.099999999999999645e+00,8.962365396213393121e-01
8.109999999999999432e+00,8.961078454214576050e-01
8.119999999999999218e+00,8.960762219164373210e-01
8.130000000000000782e+00,8.960447161415473483e-01
8.140000000000000568e+00,8.960133275117763141e-01
8.150000000000000355e+00,8.959820554457509356e-01
8.160000000000000142e+00,8.959598150914800385e-01
8.169999999999999929e+00,8.959444281084577577e-01
8.179999999999999716e+00,8.959290977852580884e-01
8.189999999999999503e+00,8.959138238437178714e-01
8.199999999999999289e+00,8.958986060073809155e-01
8.209999999999999076e+00,8.958394984084214752e-01
8.220000000000000639e+00,8.957734912988761788e-01
8.230000000000000426e+00,8.957077294900753772e-01
8.240000000000000213e+00,8.956422117623238366e-01
8.250000000000000000e+00,8.955818312236699663e-01
8.259999999999999787e+00,8.955556712215235748e-01
8.269999999999999574e+00,8.955296068193315806e-01
8.279999999999999361e+00,8.955036375509366486e-01
8.289999999999999147e+00,8.954777629530245031e-01
8.300000000000000711e+00,8.953775436818927069e-01
8.310000000000000497e+00,8.951476667179381064e-01
8.320000000000000284e+00,8.949186768484348464e-01
8.330000000000000071e+00,8.946905694497161443e-01
8.339999999999999858e+00,8.944633399285764064e-01
8.349999999999999645e+00,8.943226424568330168e-01
8.359999999999999432e+00,8.942459136381143425e-01
8.369999999999999218e+00,8.941694662175331265e-01
8.380000000000000782e+00,8.940932988131655712e-01
8.390000000000000568e+00,8.940174100516051769e-01
8.400000000000000355e+00,8.939614164314761968e-01
8.410000000000000142e+00,8.939119168681868288e-01
8.419999999999999929e+00,8.938625962910704548e-01
8.429999999999999716e+00,8.938134538350651637e-01
8.439999999999999503e+00,8.937644886403477429e-01
8.449999999999999289e+00,8.936259510315816001e-01
8.459999999999999076e+00,8.934792666040035636e-01
8.470000000000000639e+00,8.933331253670258043e-01
8.480000000000000426e+00,8.931875246151430581e-01
8.490000000000000213e+00,8.930426236901162218e-01
8.500000000000000000e+00,8.929022556066865679e-01
8.509999999999999787e+00,8.927624040173434139e-01
8.519999999999999574e+00,8.926230663667260590e-01
8.529999999999999361e+00,8.924842401153983973e-01
8.539999999999999147e+00,8.923818229993201179e-01
8.550000000000000711e+00,8.925040742457212017e-01
8.560000000000000497e+00,8.926259139544733268e-01
8.570000000000000284e+00,8.927473439505563269e-01
8.580000000000000071e+00,8.928683660489629137e-01
8.589999999999999858e+00,8.929347827390866632e-01
8.599999999999999645e+00,8.927954318746152973e-01
8.609999999999999432e+00,8.926565879084386035e-01
8.619999999999999218e+00,8.925182483611667772e-01
8.630000000000000782e+00,8.923804107686873488e-01
8.640000000000000568e+00,8.922680090861930813e-01
8.650000000000000355e+00,8.922304829469482890e-01
8.660000000000000142e+00,8.921930883011235380e-01
8.669999999999999929e+00,8.921558245333082171e-01
8.679999999999999716e+00,8.921186910316991625e-01
8.689999999999999503e+00,8.920651001039918704e-01
8.699999999999999289e+00,8.919655453107970811e-01
8.710000000000000853e+00,8.918663442739065417e-01
8.720000000000000639e+00,8.917674953070521271e-01
8.730000000000000426e+00,8.916689967340687417e-01
8.740000000000000213e+00,8.915862730743870923e-01
8.750000000000000000e+00,8.915503437100207318e-01
8.759999999999999787e+00,8.915145387618879091e-01
8.769999999999999574e+00,8.914788576545967791e-01
8.779999999999999361e+00,8.914432998160874977e-01
8.789999999999999147e+00,8.913823192443558474e-01
8.800000000000000711e+00,8.912223873491477155e-01
8.810000000000000497e+00,8.910630283018357023e-01
8.820000000000000284e+00,8.909042393393697967e-01
8.830000000000000071e+00,8.907460177155066550e-01
8.839999999999999858e+00,8.906113524131042958e-01
8.849999999999999645e+00,8.906291487512431049e-01
8.859999999999999432e+00,8.906468852187795493e-01
8.869999999999999218e+00,8.906645620835692556e-01
8.880000000000000782e+00,8.906821796119737122e-01
8.890000000000000568e+00,8.906946946273019972e-01
8.900000000000000355e+00,8.905359785984423571e-01
8.910000000000000142e+00,8.903778248114037064e-01
8.919999999999999929e+00,8.902202305839637120e-01
8.929999999999999716e+00,8.900631932500371324e-01
8.939999999999999503e+00,8.899067101595596885e-01
8.949999999999999289e+00,8.897464614914717407e-01
8.960000000000000853e+00,8.895862801949294685e-01
8.970000000000000639e+00,8.894266630210507785e-01
8.980000000000000426e+00,8.892676072938902054e-01
8.990000000000000213e+00,8.891091103535133655e-01
9.000000000000000000e+00,8.890132376523079971e-01
9.009999999999999787e+00,8.889400609631208372e-01
9.019999999999999574e+00,8.888671335148049524e-01
9.029999999999999361e+00,8.887944541703077794e-01
9.039999999999999147e+00,8.887220217990892124e-01
9.050000000000000711e+00,8.886846383712492248e-01
9.060000000000000497e+00,8.886765931224474002e-01
9.070000000000000284e+00,8.886685745419832250e-01
9.080000000000000071e+00,8.886605825120414970e-01
9.089999999999999858e+00,8.886526169154562727e-01
9.099999999999999645e+00,8.886175599813256332e-01
9.109999999999999432e+00,8.885255584704327969e-01
9.119999999999999218e+00,8.884338689100501618e-01
9.130000000000000782e+00,8.883424898814464843e-01
9.140000000000000568e+00,8.882514199740001448e-01
9.150000000000000355e+00,8.881600978358854537e-01
9.160000000000000142e+00,8.880616729259804831e-01
9.169999999999999929e+00,8.879635806970135325e-01
9.179999999999999716e+00,8.878658196399943359e-01
9.189999999999999503e+00,8.877683882545395200e-01
9.199999999999999289e+00,8.876712850488125417e-01
9.210000000000000853e+00,8.876316002581201570e-01
9.220000000000000639e+00,8.876073638142912836e-01
9.230000000000000426e+00,8.875832067614457532e-01
9.240000000000000213e+00,8.875591287525120832e-01
9.250000000000000000e+00,8.875351294423158288e-01
9.259999999999999787e+00,8.874999562308627521e-01
9.269999999999999574e+00,8.874525193250893951e-01
9.279999999999999361e+00,8.874052382124006932e-01
9.289999999999999147e+00,8.873581122086718898e-01
9.300000000000000711e+00,8.873111406335428830e-01
9.310000000000000497e+00,8.872392864994402828e-01
9.320000000000000284e+00,8.870042402241586910e-01
9.330000000000000071e+00,8.867700112984446825e-01
9.339999999999999858e+00,8.865365958763962162e-01
9.349999999999999645e+00,8.863039901350164840e-01
9.359999999999999432e+00,8.860721902740489320e-01
9.369999999999999218e+00,8.860313518869699090e-01
9.380000000000000782e+00,8.860510405798348588e-01
9.390000000000000568e+00,8.860706668385155416e-01
9.400000000000000355e+00,8.860902309262462806e-01
9.410000000000000142e+00,8.861097331048779502e-01
9.419999999999999929e+00,8.860552966837876854e-01
9.429999999999999716e+00,8.858662834900243865e-01
9.439999999999999503e+00,8.856779107907724047e-01
9.449999999999999289e+00,8.854901756559891979e-01
9.460000000000000853e+00,8.853030751725696756e-01
9.470000000000000639e+00,8.851166064442276271e-01
9.480000000000000426e+00,8.851725102154371916e-01
9.490000000000000213e+00,8.852499435109848491e-01
9.500000000000000000e+00,8.853271391518922062e-01
9.509999999999999787e+00,8.854040981024402512e-01
9.519999999999999574e+00,8.854808213220625168e-01
9.529999999999999361e+00,8.854485161569587426e-01
9.539999999999999147e+00,8.852835487593050390e-01
9.550000000000000711e+00,8.851191299080644059e-01
9.560000000000000497e+00,8.849552571439315285e-01
9.570000000000000284e+00,8.847919280215205129e-01
9.580000000000000071e+00,8.846291401092679640e-01
9.589999999999999858e+00,8.846210973319081905e-01
9.599999999999999645e+00,8.846210443626358888e-01
9.609999999999999432e+00,8.846209915586377148e-01
9.619999999999999218e+00,8.846209389192262185e-01
9.630000000000000782e+00,8.846208864437185015e-01
9.640000000000000568e+00,8.845404681768457289e-01
9.650000000000000355e+00,8.843494927228637836e-01
9.660000000000000142e+00,8.841591511008105586e-01
9.669999999999999929e+00,8.839694404696080143e-01
9.679999999999999716e+00,8.837803580042744578e-01
9.689999999999999503e+00,8.835919008958148524e-01
9.699999999999999289e+00,8.835175162931794279e-01
9.710000000000000853e+00,8.834622483003475857e-01
9.720000000000000639e+00,8.834071542418437950e-01
9.730000000000000426e+00,8.833522333851288044e-01
9.740000000000000213e+00,8.832974850015321566e-01
9.750000000000000000e+00,8.832464233628550820e-01
9.759999999999999787e+00,8.832053961805067521e-01
9.769999999999999574e+00,8.831644968100295090e-01
9.779999999999999361e+00,8.831237247191755513e-01
9.789999999999999147e+00,8.830830793784740784e-01
9.800000000000000711e+00,8.830425602612141933e-01
9.810000000000000497e+00,8.828980237630811301e-01
9.820000000000000284e+00,8.826941935287625496e-01
9.830000000000000071e+00,8.824910318939465093e-01
9.839999999999999858e+00,8.822885358938331590e-01
9.849999999999999645e+00,8.820867025802523465e-01
9.859999999999999432e+00,8.818855290215508180e-01
9.869999999999999218e+00,8.819340869215005485e-01
9.880000000000000782e+00,8.819888057214158028e-01
9.890000000000000568e+00,8.820433620031842281e-01
9.900000000000000355e+00,8.820977564062841836e-01
9.910000000000000142e+00,8.821519895670690836e-01
9.919999999999999929e+00,8.821393238507261314e-01
9.929999999999999716e+00,8.819578029140470177e-01
9.939999999999999503e+00,8.817768667413445893e-01
9.949999999999999289e+00,8.815965127888965025e-01
9.960000000000000853e+00,8.814167385269658928e-01
9.970000000000000639e+00,8.812375414397071172e-01
9.980000000000000426e+00,8.811608449695298440e-01
9.990000000000000213e+00,8.811651173611713128e-01
