3.300000000000000155e-02
5.449999999999999983e-02
8.160000000000000586e-02
1.131999999999999951e-01
1.409999999999999865e-01
1.749999999999999889e-01
2.149000000000000077e-01
1.862999999999999934e-01
2.127000000000000002e-01
2.701000000000000068e-01
3.317999999999999838e-01
4.099999999999999756e-01
3.996000000000000107e-01
4.687000000000000055e-01
6.349000000000000199e-01
8.141000000000000458e-01
8.887000000000000455e-01
1.085499999999999909e+00
1.318100000000000049e+00
1.554799999999999960e+00
1.895299999999999985e+00
2.153999999999999915e+00
2.324100000000000055e+00
2.515200000000000102e+00
2.779599999999999849e+00
3.232600000000000140e+00
3.976599999999999913e+00
4.400599999999999845e+00
5.122300000000000075e+00
5.686600000000000321e+00
6.570400000000000240e+00
7.367700000000000138e+00
8.381000000000000227e+00
