2.000000000000000000e+00
3.000000000000000000e+00
4.000000000000000000e+00
5.000000000000000000e+00
6.000000000000000000e+00
7.000000000000000000e+00
8.000000000000000000e+00
9.000000000000000000e+00
1.000000000000000000e+01
1.200000000000000000e+01
1.400000000000000000e+01
1.600000000000000000e+01
1.800000000000000000e+01
2.000000000000000000e+01
2.500000000000000000e+01
3.000000000000000000e+01
3.500000000000000000e+01
4.000000000000000000e+01
5.000000000000000000e+01
6.000000000000000000e+01
7.000000000000000000e+01
8.000000000000000000e+01
9.000000000000000000e+01
1.000000000000000000e+02
1.200000000000000000e+02
1.400000000000000000e+02
1.600000000000000000e+02
1.800000000000000000e+02
2.000000000000000000e+02
2.250000000000000000e+02
2.500000000000000000e+02
2.750000000000000000e+02
3.000000000000000000e+02
